# unix_time, cycles_done, cur_path, paths_total, pending_total, pending_favs, map_size, unique_crashes, unique_hangs, max_depth, execs_per_sec
1635075804, 0, 0, 1, 1, 1, 0.13%, 0, 0, 1, 4000.00
1635075809, 0, 0, 114, 114, 1, 0.49%, 9, 0, 2, 4963.75
1635075815, 0, 4, 129, 127, 41, 0.51%, 12, 0, 3, 4961.26
1635075820, 0, 19, 135, 125, 39, 0.52%, 18, 0, 3, 4998.22
1635075825, 0, 41, 146, 130, 33, 0.54%, 18, 0, 3, 5060.47
1635075830, 0, 53, 147, 127, 29, 0.54%, 18, 0, 3, 5071.66
1635075835, 0, 69, 160, 137, 27, 0.54%, 18, 0, 3, 5071.17
1635075840, 0, 76, 171, 146, 27, 0.54%, 18, 0, 3, 5037.67
1635075845, 0, 95, 174, 145, 23, 0.54%, 18, 0, 3, 5030.79
1635075850, 0, 106, 185, 152, 19, 0.55%, 19, 0, 3, 5072.22
1635075855, 0, 107, 194, 160, 23, 0.58%, 19, 0, 3, 5140.71
1635075860, 0, 118, 202, 166, 24, 0.58%, 20, 0, 4, 5063.90
1635075865, 0, 130, 205, 163, 19, 0.58%, 20, 0, 4, 5174.30
1635075870, 0, 183, 214, 162, 14, 0.65%, 20, 0, 4, 5018.67
1635075876, 0, 205, 228, 169, 16, 0.69%, 21, 0, 5, 5047.25
1635075881, 0, 210, 230, 168, 15, 0.69%, 21, 0, 5, 4914.90
1635075886, 0, 214, 242, 176, 12, 0.70%, 25, 0, 5, 5070.37
